100 2 0.49914414
100 2.2 0.26866053
100 2.4 0.1353608
100 2.6 0.062995986
100 2.8 0.026746017
100 3 0.010203666
100 3.2 0.0033721648
100 3.4 0.00081429533
100 3.6 6.9640917e-05
100 3.8 0.00036964306
100 4 0.00048835125
100 4.2 0.00055773825
100 4.4 0.00061645168
100 4.6 0.00067466145
100 4.8 0.0007347832
100 5 0.0007973368
100 5.2 0.00086242408
100 5.4 0.00093006347
100 5.6 0.0010002582
100 5.8 0.0010730092
150 2 0.50925609
150 2.2 0.27529192
150 2.4 0.13946926
150 2.6 0.065378299
150 2.8 0.02804672
150 3 0.010900322
150 3.2 0.0037764711
150 3.4 0.0011024089
150 3.6 0.00018853475
150 3.8 0.00010424849
150 4 0.00020112917
150 4.2 0.00024296295
150 4.4 0.00027144748
150 4.6 0.00029767611
150 4.8 0.00032431301
150 5 0.00035193775
150 5.2 0.00038066488
150 5.4 0.00041051506
150 5.6 0.00044149172
150 5.8 0.00047359546
200 2 0.51433133
200 2.2 0.27862292
200 2.4 0.14153248
200 2.6 0.066570211
200 2.8 0.028688856
200 3 0.011232001
200 3.2 0.0039548379
200 3.4 0.0012168616
200 3.6 0.00028309671
200 3.8 1.0582449e-05
200 4 0.00010097459
200 4.2 0.0001335559
200 4.4 0.00015162702
200 4.6 0.00016677194
200 4.8 0.00018178842
200 5 0.00019728856
200 5.2 0.000213394
200 5.4 0.00023012678
200 5.6 0.00024749054
200 5.8 0.00026548584
250 2 0.51738258
250 2.2 0.28062642
250 2.4 0.14277332
250 2.6 0.067285678
250 2.8 0.029071618
250 3 0.011425807
250 3.2 0.0040543799
250 3.4 0.0012761982
250 3.6 0.00032893126
250 3.8 3.3284154e-05
250 4 5.4616267e-05
250 4.2 8.3076835e-05
250 4.4 9.6385716e-05
250 4.6 0.00010643088
250 4.8 0.00011609335
250 5 0.00012600565
250 5.2 0.00013629393
250 5.4 0.0001469811
250 5.6 0.00015807095
250 5.8 0.00016956407
300 2 0.51941927
300 2.2 0.28196411
300 2.4 0.14360176
300 2.6 0.067762806
300 2.8 0.029325767
300 3 0.011552872
300 3.2 0.004117656
300 3.4 0.001311898
300 3.6 0.00035497813
300 3.8 5.742561e-05
300 4 2.9394276e-05
300 4.2 5.570001e-05
300 4.4 6.6448969e-05
300 4.6 7.3735866e-05
300 4.8 8.0498574e-05
300 5 8.7383624e-05
300 5.2 9.4520261e-05
300 5.4 0.00010193201
300 5.6 0.00010962277
300 5.8 0.00011759315
