100 2 0.49914414
100 4 0.00048835125
100 6 0.0011483169
100 8 0.0020421102
100 10 0.0031921217
100 12 0.0045989923
100 14 0.0062635106
120 2 0.50419366
120 4 0.00033015436
120 6 0.00079466281
120 8 0.0014130487
120 10 0.0022085221
120 12 0.0031813886
120 14 0.0043320237
140 2 0.50780837
140 4 0.00023503445
140 6 0.00058239012
140 8 0.0010355293
140 10 0.0016183544
140 12 0.0023310294
140 14 0.0031737552
160 2 0.51052371
160 4 0.00017339556
160 6 0.00044506954
160 8 0.00079133343
160 10 0.0012366569
160 12 0.0017811355
160 14 0.0024248864
180 2 0.51263817
180 4 0.00013117
180 6 0.00035115703
180 8 0.0006243406
180 10 0.00097565566
180 12 0.0014051616
180 14 0.0019129313
200 2 0.51433133
200 4 0.00010097459
200 6 0.0002841128
200 8 0.00050512962
200 10 0.00078934584
200 12 0.0011368003
200 14 0.0015475406
220 2 0.51571769
220 4 7.8631237e-05
220 6 0.0002345854
220 8 0.00041706811
